2032309706634035202
2032309707112185857
2032309707120574469
2032309707120574470
2032309707128963078
2032309707137351687
2032309707137351688
2032309707145740292
2032309707145740295
2032309707145740291
2032309707154128903
2032309707154128896
2032309707154128899
2032309707162517513
2032309707162517511
2032309707179294720
2032309707179294726
2032309707179294722
2032309707187683334
2032309707187683337
2032334792086781960
2032334792086781959
2032334792095170563
2032334792095170560
2032334792103559168
2032334792103559171
2032334792111947780
2032334792111947779
2032334792120336388
2032334792120336386
2032334792120336389
2032334792128724997
2032334792128724994
2032334792137113609
2032334792137113602
2032334792137113602
2032334792145502216
2032334792145502212
2032334792145502209
2032334792145502212
2032336970381787143
2032336970767663112
2032336970776051712
2032336970776051721
2032336970784440325
2032336970784440323
2032336970792828930
2032336970792828933
2032336970801217537
2032336970801217537
2032336970801217539
2032336970809606148
2032336970809606148
2032336970809606146
2032336970826383367
2032336970826383366
2032336970834771976
2032336970834771970
2032336970834771976
2032336970843160584
2032338100847378437
2032338101308751877
2032338101308751877
2032338101308751881
2032338101317140487
2032338101317140485
2032338101325529089
2032338101325529097
2032338101333917699
2032338101333917702
2032338101342306306
2032338101342306306
2032338101350694912
2032338101350694915
2032338101350694917
2032338101375860742
2032338101384249351
2032338101384249344
2032338101392637953
2032338101392637953
2032338288651534337
2032338288987078665
2032338288987078658
2032338288995467272
2032338288995467269
2032338288995467269
2032338289003855880
2032338289003855877
2032338289012244483
2032338289012244483
2032338289012244484
2032338289020633088
2032338289020633095
2032338289020633094
2032338289037410307
2032338289045798918
2032338289045798917
2032338289054187529
2032338289054187529
2032338289054187525
2032378964818788354
2032378965162721286
2032378965171109894
2032378965171109890
2032378965171109894
2032378965179498497
2032378965179498501
2032378965187887108
2032378965187887109
2032378965196275717
2032378965196275716
2032378965196275714
2032378965204664329
2032378965204664328
2032378965221441544
2032378965221441536
2032378965229830149
2032378965229830151
2032378965238218761
2032378965238218758
2032379196956737544
2032379197317447680
2032379197317447685
2032379197325836294
2032379197325836290
2032379197334224902
2032379197334224902
2032379197342613504
2032379197342613508
2032379197351002117
2032379197351002121
2032379197359390722
2032379197359390724
2032379197359390723
2032379197376167940
2032379197376167942
2032379197384556551
2032379197384556549
2032379197392945154
2032379197392945154
2032382594443640841
2032382594787573767
2032382594795962371
2032382594795962376
2032382594795962377
2032382594804350983
2032382594804350981
2032382594812739585
2032382594812739585
2032382594812739587
2032382594821128200
2032382594821128193
2032382594829516802
2032382594829516804
2032382594846294017
2032382594846294024
2032382594854682632
2032382594854682632
2032382594854682631
2032382594854682624
2032383248562126854
2032383249006723077
2032383249006723072
2032383249006723076
2032383249015111687
2032383249023500293
2032383249023500288
2032383249031888904
2032383249031888897
2032383249040277506
2032383249040277509
2032383249048666113
2032383249048666120
2032383249057054727
2032383249073831939
2032383249082220550
2032383249090609160
2032383249090609155
2032383249090609153
2032383249098997765
